

Part A):
______________________________________________

Symmetric matrix A before diagonalization:
  0.296047	 0.0908139	  0.263388	  0.201621	  0.353218	
 0.0908139	0.000800916	  0.493312	  0.450424	  0.448757	
  0.263388	  0.493312	  0.546455	 0.0180577	  0.239629	
  0.201621	  0.450424	 0.0180577	  0.539685	  0.385176	
  0.353218	  0.448757	  0.239629	  0.385176	  0.188875	

Matrix of eigenvectors V:     
         0	  0.272304	  0.859038	 0.0816647	  0.352236	
         0	         0	         0	 0.0290652	  0.456575	
  0.336201	  0.282181	         0	  0.730436	  0.457979	
  0.239874	  0.465837	         0	         0	  0.482858	
  0.374383	         0	  0.165239	         0	  0.473891	

Testing that V^T  * V = 1:    
         1	         0	         0	         0	         0	
         0	         1	         0	         0	         0	
         0	         0	         1	         0	         0	
         0	         0	         0	         1	         0	
         0	         0	         0	         0	         1	

Matrix of eigenvalues D:      
         0	         0	         0	4.8738e-09	         0	
         0	         0	         0	         0	         0	
         0	         0	   0.19856	         0	         0	
4.8738e-09	         0	         0	  0.541553	         0	
         0	         0	         0	         0	   1.50782	

Testing that V^T * A * V = D: 
         0	         0	         0	4.8738e-09	         0	
         0	         0	         0	         0	         0	
         0	         0	   0.19856	         0	         0	
4.8738e-09	         0	         0	  0.541553	         0	
         0	         0	         0	         0	   1.50782	

Symmetric matrix A:           
  0.296047	 0.0908139	  0.263388	  0.201621	  0.353218	
 0.0908139	0.000800916	  0.493312	  0.450424	  0.448757	
  0.263388	  0.493312	  0.546455	 0.0180577	  0.239629	
  0.201621	  0.450424	 0.0180577	  0.539685	  0.385176	
  0.353218	  0.448757	  0.239629	  0.385176	  0.188875	

Testing that V * D * V^T = A: 
  0.296047	 0.0908139	  0.263388	  0.201621	  0.353218	
 0.0908139	0.000800916	  0.493312	  0.450424	  0.448757	
  0.263388	  0.493312	  0.546455	 0.0180577	  0.239629	
  0.201621	  0.450424	 0.0180577	  0.539685	  0.385176	
  0.353218	  0.448757	  0.239629	  0.385176	  0.188875	


Part B):
______________________________________________
Dividing solution interval into 50 divisions...
Generating hamiltonian matrix...

Checking that the eigen-energies are correct:
#	Calc.	Exact
0	9.8665	9.8696
1	39.429	39.478
2	88.574	88.826
3	157.12	157.91
4	244.8	246.74
5	351.28	355.31
6	476.16	483.61
7	618.97	631.65
8	779.17	799.44
9	956.14	986.96
10	1149.2	1194.2
11	1357.7	1421.2
12	1580.7	1668
13	1817.5	1934.4
14	2067.1	2220.7
15	2328.6	2526.6
