
Symmetric matrix A before diagonalization:
   0.85689	  0.806601	  0.414789	  0.995529	  0.213447	
  0.806601	  0.996041	  0.990639	  0.302511	  0.774069	
  0.414789	  0.990639	 0.0418606	 0.0591729	  0.237681	
  0.995529	  0.302511	 0.0591729	  0.478021	  0.338666	
  0.213447	  0.774069	  0.237681	  0.338666	  0.962023	

Matrix of eigenvectors V:
 0.0937448	  0.647378	 0.0744038	  0.552305	  0.511406	
         0	         0	  0.388134	         0	  0.598648	
  0.777095	         0	   0.43849	         0	  0.321386	
         0	         0	         0	  0.529108	  0.347592	
  0.166479	  0.185215	         0	         0	  0.394938	

Testing that V^T  * V = 1: 
         1	         0	         0	         0	         0	
         0	         1	         0	         0	         0	
         0	         0	         1	         0	         0	
         0	         0	         0	         1	         0	
         0	         0	         0	         0	         1	

Matrix of eigenvalues D:
         0	         0	         0	         0	         0	
         0	         0	         0	         0	         0	
         0	         0	   0.54974	         0	         0	
         0	         0	         0	  0.976233	         0	
         0	         0	         0	         0	   2.90324	

Testing that V^T * A * V = D: 
         0	         0	         0	         0	         0	
         0	         0	         0	         0	         0	
         0	         0	   0.54974	         0	         0	
         0	         0	         0	  0.976233	         0	
         0	         0	         0	         0	   2.90324	

Symmetric matrix A:
   0.85689	  0.806601	  0.414789	  0.995529	  0.213447	
  0.806601	  0.996041	  0.990639	  0.302511	  0.774069	
  0.414789	  0.990639	 0.0418606	 0.0591729	  0.237681	
  0.995529	  0.302511	 0.0591729	  0.478021	  0.338666	
  0.213447	  0.774069	  0.237681	  0.338666	  0.962023	

Testing that V * D * V^T = A: 
   0.85689	  0.806601	  0.414789	  0.995529	  0.213447	
  0.806601	  0.996041	  0.990639	  0.302511	  0.774069	
  0.414789	  0.990639	 0.0418606	 0.0591729	  0.237681	
  0.995529	  0.302511	 0.0591729	  0.478021	  0.338666	
  0.213447	  0.774069	  0.237681	  0.338666	  0.962023	
