

Part A):
______________________________________________

Symmetric matrix A before diagonalization:
  0.338759	  0.412349	  0.572424	  0.986513	  0.131489	
  0.412349	  0.196722	  0.149023	  0.671828	  0.315548	
  0.572424	  0.149023	  0.780951	  0.435687	  0.539242	
  0.986513	  0.671828	  0.435687	  0.407547	  0.640924	
  0.131489	  0.315548	  0.539242	  0.640924	  0.238473	

Matrix of eigenvectors V:     
  0.580601	         0	  0.584942	  0.202521	  0.480646	
   0.11884	  0.785973	         0	  0.436363	   0.33879	
         0	  0.321261	   0.17949	         0	   0.46254	
         0	         0	         0	  0.332706	  0.560125	
  0.393666	         0	         0	         0	  0.355694	

Testing that V^T  * V = 1:    
         1	         0	         0	         0	         0	
         0	         1	         0	         0	         0	
         0	         0	         1	         0	         0	
         0	         0	         0	         1	         0	
         0	         0	         0	         0	         1	

Matrix of eigenvalues D:      
         0	6.38644e-10	         0	         0	         0	
6.38644e-10	         0	         0	         0	         0	
         0	         0	  0.131432	         0	         0	
         0	         0	         0	  0.495677	         0	
         0	         0	         0	         0	   2.42722	

Testing that V^T * A * V = D: 
         0	6.38644e-10	         0	         0	         0	
6.38644e-10	         0	         0	         0	         0	
         0	         0	  0.131432	         0	         0	
         0	         0	         0	  0.495677	         0	
         0	         0	         0	         0	   2.42722	

Symmetric matrix A:           
  0.338759	  0.412349	  0.572424	  0.986513	  0.131489	
  0.412349	  0.196722	  0.149023	  0.671828	  0.315548	
  0.572424	  0.149023	  0.780951	  0.435687	  0.539242	
  0.986513	  0.671828	  0.435687	  0.407547	  0.640924	
  0.131489	  0.315548	  0.539242	  0.640924	  0.238473	

Testing that V * D * V^T = A: 
  0.338759	  0.412349	  0.572424	  0.986513	  0.131489	
  0.412349	  0.196722	  0.149023	  0.671828	  0.315548	
  0.572424	  0.149023	  0.780951	  0.435687	  0.539242	
  0.986513	  0.671828	  0.435687	  0.407547	  0.640924	
  0.131489	  0.315548	  0.539242	  0.640924	  0.238473	


Part B):
______________________________________________
Dividing solution interval into 50 divisions...
Generating hamiltonian matrix...

Checking that the eigen-energies are correct:
#	Calc.	Exact
0	9.8665	9.8696
1	39.429	39.478
2	88.574	88.826
3	157.12	157.91
4	244.8	246.74
5	351.28	355.31
6	476.16	483.61
7	618.97	631.65
8	779.17	799.44
9	956.14	986.96
10	1149.2	1194.2
11	1357.7	1421.2
12	1580.7	1668
13	1817.5	1934.4
14	2067.1	2220.7
15	2328.6	2526.6
